11.128074598231
10.9693420259975
9.77094056047909
8.4444207079165
10.769785492536
11.1114332994929
8.77749095653905
10.8300015024048
9.51369077609167
9.20737884355947
10.1161666408623
10.765625
9.36466284755613
11.6457567484764
8.53741823505999
10.536578815754
8.36975498644373
9.71348625796941
8.86362585033972
10.4929365526379
9.78097585609688
9.93875967115576
10.9812547929561
11.3720771469559
10.2482570064005
8.39927913559939
10.0894643462173
9.84229285640204
8.45581100455671
9.47372826531895
10.3780075909549
9.01634589799684
8.66346480454882
8.87346405371086
10.0177792204827
10.4903468165254
11.0883779908866
9.87219842781822
11.079980681249
8.68554409276501
10.5448602676633
10.9749237833215
10.6913187995639
10.4955307466169
11.0029339916535
9.85799581202434
8.67260135156347
10.5451119566269
10.2044162248032
10.0525081234123
10.2805399194078
10.6639939710559
8.8736037967809
8.47624220794151
10.1264979942298
8.58858775630742
9.66697588277395
9.74076805965068
9.06857180532007
11.4052229277914
9.3874612888744
10.8963616633494
10.3179340966761
8.71295215915936
10.7897935674543
10.4623856749822
10.6722426979583
9.09753808305225
11.5066358311298
10.0072151630821
9.9165958999617
8.24803918541231
9.87591123690595
9.29734554716544
11.737611630879
10.867861191704
9.91047175947461
9.74797595002763
9.43017836518736
10.6624415900605
10.9396851514173
8.99669865211357
11.6325632494905
9.90701828779904
8.6826891335923
8.58713419462675
10.5154605354269
9.06948530991548
10.3470699547848
11.1440408796999
10.2151215683904
9.73240315836846
8.93815081576738
9.41239974754848
9.86821689720439
10.1283232575776
9.31110416848739
10.2122514377366
9.66785439449911
10.1057627483272
10.8705599769687
10.2495815232494
9.8279914481132
10.2183388632375
10.4050249806031
10.6658226141644
10.0228971835347
10.584751015722
9.82525148096091
11.0783898685588
10.9081489699254
8.27243118397129
8.86827774934061
9.08083897534508
9.86592857664086
9.83924237119527
8.93802068873773
10.9473109210812
11.0963128911924
9.7442707555738
10.2053682480798
10.6058681857066
11.1063647363857
9.2886599750322
10.1931661843158
10.9520760851808
10.3246239927631
9.96353475905063
10.7487311127799
10.8890855751342
10.2973051001794
8.59703041170446
9.67231302673124
11.3920288606768
9.25943703321166
9.19691987513785
9.48314093438554
9.53959778128088
11.4770874834162
11.2251827332364
9.35586832186979
10.4046423549483
10.8730485674839
11.7886289178364
8.98956962709806
10.5352447943428
10.1066006925374
9.44638895723972
8.92438746610932
9.97419880901089
9.79013682263396
9.52885654779969
10.566156144092
9.35388618890215
9.54505890866659
11.0384592848584
10.3884268652183
10.5319981958884
10.3858535537319
8.83194871949838
10.3796641455396
10.3475869916997
9.68561816368655
10.3574416153832
9.71704460847702
9.66338381112869
8.29064180058966
9.94987229149116
10.1306726435359
10.3250612184695
9.4304344018951
10.5865635018244
9.79075043190697
8.96685803152531
8.22857404434887
10.4465889347954
9.5395184920942
9.19375409030713
9.19855055692282
9.9111744793778
11.2853377108732
10.1672068148929
9.63159718527583
10.8057347316237
9.28172628342599
10.6895477283586
9.64486060389627
10.5671781284385
9.74483053439295
10.1068585961424
10.4061734087031
8.60333545550962
9.86625565136452
9.82016160855293
9.97463159143041
9.66206232490692
10.7365953117667
9.49983723075206
10.8884264742605
10.2981656266325
9.83837936016346
11.0017104471898
10.1316524262734
10.0328627637478
9.92992470708056
9.34438575077059
11.1423312392742
9.98775548672366
9.99871785074207
11.29514102696
9.88881628358213
9.78986403987845
10.0337317229076
9.91079120964981
10.1585687249791
9.59566367951552
10.2697825732729
8.58400723721971
10.877824726814
8.47547262670947
10.6115712567798
10.4051780565687
10.2690771969842
9.86514336329007
9.39754248593737
10.3100422989761
9.55608056306542
11.2937569137507
10.1663411747274
11.1238846394452
9.9503730612693
9.32591728272355
9.44157032433385
9.1650844926442
9.68061384339919
9.83325934983297
11.7325430817403
10.4313402665412
11.0549780921852
9.13159956615624
9.08230620378431
10.256989404077
10.6143875451628
9.77025112978357
10.7304266833893
8.84128691412324
10.7146597301201
10.076347366824
9.1898619602185
10.6558866770246
11.1791296539648
11.0588612283515
11.0774631613047
9.02899848912668
9.37562130849119
10.5486401850334
10.6690287850596
8.51110710105613
9.6745743395711
9.23783139502115
10.3796641455396
8.34657926582529
9.90535327268987
9.19763357162155
8.32625957840345
11.0341525337172
9.71789751586059
10.1343985554251
10.157574628377
10.9262998410869
8.75502871427185
11.0292359645619
9.21191996435408
11.7248934865366
10.7731638442217
10.2915793340412
10.6221620196845
8.91669625899204
9.85246879190987
10.3056418296668
10.1296933740694
11.1487600955077
11.3263105894591
9.75006975307415
11.0976647051262
10.1464113143351
8.49038608832735
10.8667834772207
9.41499019983355
9.84718958826646
9.92193851521062
10.6284667282107
8.76753588067595
8.7529239876973
8.96014321848358
11.0269751576912
9.1047438546446
10.0488760250499
10.2965166661367
11.4368493346581
10.9013502605471
10.4827650303513
9.70126044724933
9.41929711367106
8.83954391450061
11.5136130494915
10.1516873193031
9.39115158569259
9.83671858384729
10.7067067533328
10.4711434522003
9.25681734701189
8.38145486299168
10.0693796536152
10.1929635146531
9.94228240415754
11.1911138059035
9.60146722277573
9.55341106520457
8.55043484230652
9.79381532982077
10.8146606828106
10.581305067148
9.33225460920576
10.7777494183372
9.21533978016438
10.157707143598
8.8854013479067
10.3957149664882
10.6020208502538
9.9298614547099
10.0446887236299
9.94372739134761
11.1684915815219
9.88926862502398
9.46074948656503
10.9744475574111
10.2976636000044
9.53888403153064
9.35433692839891
10.7974839203258
8.83604701385448
10.2952988944173
9.20241456297319
9.57402003243288
11.0623698007077
10.7654272310329
8.44111231917166
9.01982305450505
9.70355499159111
9.01285680441512
8.51253810833927
10.0172250545322
9.74867416293745
10.219778257316
8.51372756946167
11.3674286725001
9.00243843327159
10.537162832669
8.21650635094611
8.98969297638207
9.7848100389117
9.88117472856059
8.75986352598674
9.04769091339001
10.63829223147
10.7100145349656
9.62732705974398
8.71908959368774
9.34665383915095
10.0301962145622
10.0421931115404
8.4923734767684
10.1928284141717
8.16828640022295
11.5232454280502
10.543518661079
9.73360061541002
10.8181673064156
10.7876772036706
10.5618208126245
9.63346652571303
9.71569330465121
11.2598300448546
9.73134589084619
9.81620042516651
10.4575505225049
10.1560513878161
10.1547940070957
9.59826260651215
9.45346098266345
9.22951972330663
10.0990724920121
9.85029294555619
9.87095918748913
9.64649248403994
10.1396404917328
9.38790112445015
10.3218575419903
9.42821389220067
10.5787260885916
9.01032269752045
8.59988605688914
11.3457993307669
9.135046288979
10.1190199529235
9.73732856618286
9.68981322932447
8.98993962884107
10.0925336872241
9.09609124420597
10.058597679833
11.7394791874917
10.0518187568273
10.3513588692123
9.40668396081885
9.64278132103759
9.75090657321429
8.0625
9.02281111556582
10.7617742027401
10.895587684558
10.2797591692949
10.296659990636
10.1032511368133
11.5752413369041
10.2162846008962
11.4116196755074
10.035098006579
11.38088710137
8.59477707220857
9.42864118133281
10.039140315289
11.0496968000291
11.6259778373879
9.39211647546102
9.67070636726655
11.0845029952944
8.93083568803791
10.0606108000842
10.8433277797924
8.93567530759874
10.1571109001421
10.5849235334266
9.09709310509637
11.0531714120286
9.84547059547152
11.1056819986716
9.45430059972999
11.1979335770181
10.542764550167
11.0600292973316
10.7504883766547
9.89385055426108
8.7566437508002
10.5776958065343
9.42598992479786
9.63854034223299
9.71796857236243
9.93182131517126
10.6528930014193
9.19753164102248
10.7098252904161
11.3952499224886
10.0279046280035
9.29036392637891
10.4643716931253
8.6352672296955
10.6220734269835
9.16759635576684
9.62048652030802
8.84721510698287
10.6057806283622
11.2804013162707
9.18100609254356
11.5322928266533
10.0400743397389
8.45420130792964
10.9659129932641
9.3128719711
10.1131882463399
10.7429884149301
9.83983960323312
11.3476679454641
10.5809609325322
10.0322423135711
10.2352048410297
9.60230546791178
9.59237072669966
11.351609564961
9.89964275013093
9.58799512455958
9.10197798015659
10.9253906959969
9.96713723625221
9.74706785608058
9.77919289110259
11.3658867535093
10.9882284642149
11.198542587298
